MEME version 5.0.2

ALPHABET= ACGT

strands: + -

Background letter frequencies (from unknown source):
A 0.276 C 0.224 G 0.224 T 0.276

MOTIF 1

log-odds matrix: alength= 4 w= 19 E= 1.1e-477
    10    -46     63    -50
    -3     44      3    -49
    43    -52    -10     -7
   -60     95    -62    -20
    57    -91    -36     10
   -23      5     91   -129
   -49      3    -68     66
   -38     26    -34     31
   -99     50   -117     69
    55   -124   -124     55
    69   -117     50    -99
    31    -34     26    -38
    66    -68      3    -49
  -129     91      5    -23
    10    -36    -91     57
   -20    -62     95    -60
    -7    -10    -52     43
   -49      3     44     -3
   -50     63    -46     10


letter-probability matrix: alength= 4 w= 19 nsites= 820860 E= 1.1e-477
0.295105 0.162585 0.346512 0.195799
0.269934 0.303770 0.229085 0.197210
0.372956 0.155573 0.208027 0.263443
0.182419 0.431172 0.145601 0.240808
0.410437 0.119430 0.174881 0.295252
0.236261 0.231058 0.419484 0.113196
0.196892 0.228216 0.139772 0.435120
0.211741 0.268618 0.177031 0.342610
0.138838 0.315739 0.099409 0.446009
0.405146 0.094851 0.094852 0.405147
0.446010 0.099410 0.315740 0.138839
0.342609 0.177030 0.268617 0.211740
0.435119 0.139771 0.228215 0.196891
0.113195 0.419483 0.231057 0.236260
0.295251 0.174880 0.119429 0.410436
0.240807 0.145600 0.431171 0.182418
0.263442 0.208026 0.155572 0.372955
0.197209 0.229084 0.303769 0.269933
0.195798 0.346511 0.162584 0.295104