MEME version 5.0.2

ALPHABET= ACGT

strands: + -

Background letter frequencies (from unknown source):
A 0.260 C 0.240 G 0.240 T 0.260

MOTIF 1

log-odds matrix: alength= 4 w= 19 E= 2.5e-174
     6    -24     40    -33
     1     29     -2    -33
    26    -39      8     -4
   -27     59    -34    -16
    40    -59    -19     15
   -19      6     69    -96
   -24      5    -43     45
   -17     12    -20     21
   -65     41    -67     49
    44    -71    -71     44
    49    -67     41    -65
    21    -20     12    -17
    45    -43      5    -24
   -96     69      6    -19
    15    -19    -59     40
   -16    -34     59    -27
    -4      8    -39     26
   -33     -2     29      1
   -33     40    -24      6


letter-probability matrix: alength= 4 w= 19 nsites= 15050830 E= 2.5e-174
0.271085 0.204269 0.318291 0.206355
0.260515 0.294936 0.237814 0.206734
0.311190 0.183378 0.253471 0.251961
0.215631 0.363130 0.189563 0.231676
0.341878 0.159315 0.210735 0.288073
0.227997 0.251132 0.387584 0.133287
0.219238 0.248268 0.178281 0.354213
0.230412 0.260697 0.208717 0.300174
0.165185 0.318823 0.151583 0.364402
0.352500 0.147497 0.147498 0.352501
0.364403 0.151584 0.318824 0.165186
0.300173 0.208716 0.260696 0.230411
0.354212 0.178280 0.248267 0.219237
0.133286 0.387583 0.251131 0.227996
0.288072 0.210734 0.159314 0.341877
0.231675 0.189562 0.363129 0.215630
0.251960 0.253470 0.183377 0.311189
0.206733 0.237813 0.294935 0.260514
0.206354 0.318290 0.204268 0.271084