MEME version 5.0.2

ALPHABET= ACGT

strands: + -

Background letter frequencies (from unknown source):
A 0.403 C 0.097 G 0.097 T 0.403

MOTIF 1

log-odds matrix: alength= 4 w= 19 E= 7.7e-274
   -13     50     98    -41
   -18     85     65    -35
    -2     30     57    -25
   -26    109     34    -27
     9     -4     35    -19
   -23     97    138    -91
   -41     65     32      7
   -17     61     35    -12
   -71     89     12     22
     2     -9     -9      2
    22     12     89    -71
   -12     35     61    -17
     7     32     65    -41
   -91    138     97    -23
   -19     35     -4      9
   -27     34    109    -26
   -25     57     30     -2
   -35     65     85    -18
   -41     98     50    -13


letter-probability matrix: alength= 4 w= 19 nsites= 499994 E= 7.7e-274
0.369403 0.137136 0.190841 0.302620
0.356343 0.174348 0.152079 0.317230
0.398576 0.118962 0.143216 0.339246
0.336567 0.206424 0.122768 0.334240
0.428273 0.094384 0.123697 0.353645
0.344144 0.189544 0.251270 0.215042
0.303400 0.151423 0.121079 0.424098
0.358634 0.148033 0.122901 0.370431
0.246457 0.179092 0.105428 0.469017
0.409228 0.090769 0.090770 0.409229
0.469018 0.105429 0.179093 0.246458
0.370430 0.122900 0.148032 0.358633
0.424097 0.121078 0.151422 0.303399
0.215041 0.251269 0.189543 0.344143
0.353644 0.123696 0.094383 0.428272
0.334239 0.122767 0.206423 0.336566
0.339245 0.143215 0.118961 0.398575
0.317229 0.152078 0.174347 0.356342
0.302619 0.190840 0.137135 0.369402