MEME version 5.0.2

ALPHABET= ACGT

strands: + -

Background letter frequencies (from unknown source):
A 0.249 C 0.251 G 0.251 T 0.249

MOTIF 1

log-odds matrix: alength= 4 w= 19 E= 8.4e-440
     8    -29     43    -36
   -15     41      1    -41
    41    -31    -18     -3
   -28     70    -34    -40
    74   -133    -34     20
   -61     11     93   -154
   -35     15    -40     44
   -25     27    -46     29
   -86     54   -111     62
    59   -100   -100     59
    62   -111     54    -86
    29    -46     27    -25
    44    -40     15    -35
  -154     93     11    -61
    20    -34   -133     74
   -40    -34     70    -28
    -3    -18    -31     41
   -41      1     41    -15
   -36     43    -29      8


letter-probability matrix: alength= 4 w= 19 nsites= 1155544 E= 8.4e-440
0.262604 0.204865 0.338355 0.194176
0.224388 0.334920 0.253481 0.187212
0.331455 0.202250 0.222049 0.244246
0.204612 0.408626 0.197877 0.188884
0.416336 0.099998 0.198674 0.284993
0.163255 0.271213 0.479999 0.085533
0.195246 0.277997 0.190177 0.336580
0.209081 0.303285 0.182862 0.304773
0.136724 0.364696 0.116475 0.382099
0.374694 0.125303 0.125304 0.374695
0.382100 0.116476 0.364697 0.136725
0.304772 0.182861 0.303284 0.209080
0.336579 0.190176 0.277996 0.195245
0.085532 0.479998 0.271212 0.163254
0.284992 0.198673 0.099997 0.416335
0.188883 0.197876 0.408625 0.204611
0.244245 0.222048 0.202249 0.331454
0.187211 0.253480 0.334919 0.224387
0.194175 0.338354 0.204864 0.262603