MEME version 5.0.2

ALPHABET= ACGT

strands: + -

Background letter frequencies (from unknown source):
A 0.242 C 0.258 G 0.258 T 0.242

MOTIF 1

log-odds matrix: alength= 4 w= 19 E= 1.5e-557
     0    -58     72    -61
    -5     35      6    -53
    47    -52     -5     -4
   -50     77    -59    -17
    54    -71    -22     16
   -29    -13     86   -132
   -78     10    -68     80
   -20     45    -50      7
  -106     59   -128     69
    67   -116   -116     67
    69   -128     59   -106
     7    -50     45    -20
    80    -68     10    -78
  -132     86    -13    -29
    16    -22    -71     54
   -17    -59     77    -50
    -4     -5    -52     47
   -53      6     35     -5
   -61     72    -58      0


letter-probability matrix: alength= 4 w= 19 nsites= 1890164 E= 1.5e-557
0.242228 0.173265 0.425853 0.158653
0.233513 0.330550 0.268634 0.167304
0.335329 0.180207 0.249858 0.234605
0.171237 0.441148 0.172252 0.215363
0.350820 0.157644 0.221328 0.270207
0.197757 0.236259 0.469226 0.096757
0.140759 0.276263 0.161673 0.421305
0.210761 0.353806 0.182553 0.252880
0.115995 0.388894 0.106135 0.388970
0.384160 0.115837 0.115838 0.384161
0.388971 0.106136 0.388895 0.115996
0.252879 0.182552 0.353805 0.210760
0.421304 0.161672 0.276262 0.140758
0.096756 0.469225 0.236258 0.197756
0.270206 0.221327 0.157643 0.350819
0.215362 0.172251 0.441147 0.171236
0.234604 0.249857 0.180206 0.335328
0.167303 0.268633 0.330549 0.233512
0.158652 0.425852 0.173264 0.242227