MEME version 5.0.2

ALPHABET= ACGT

strands: + -

Background letter frequencies (from unknown source):
A 0.278 C 0.222 G 0.222 T 0.278

MOTIF 1

log-odds matrix: alength= 4 w= 19 E= 1.4e-603
    12    -37     54    -45
   -17     52     12    -53
    38    -34    -17     -7
   -49     96    -44    -43
    52   -138    -69     45
   -48     10     99   -119
   -83      5    -83     81
   -29     42    -45     17
   -85     49   -145     71
    57   -135   -135     57
    71   -145     49    -85
    17    -45     42    -29
    81    -83      5    -83
  -119     99     10    -48
    45    -69   -138     52
   -43    -44     96    -49
    -7    -17    -34     38
   -53     12     52    -17
   -45     54    -37     12


letter-probability matrix: alength= 4 w= 19 nsites= 6176573 E= 1.4e-603
0.303108 0.171244 0.321546 0.204102
0.248002 0.318193 0.241803 0.192003
0.362781 0.174874 0.196482 0.265863
0.197618 0.431884 0.163860 0.206639
0.397770 0.085425 0.137623 0.379181
0.199022 0.237672 0.441356 0.121949
0.156862 0.230287 0.124726 0.488124
0.228245 0.296262 0.162491 0.313002
0.154275 0.310781 0.081036 0.453902
0.413174 0.086823 0.086824 0.413175
0.453903 0.081037 0.310782 0.154276
0.313001 0.162490 0.296261 0.228244
0.488123 0.124725 0.230286 0.156861
0.121948 0.441355 0.237671 0.199021
0.379180 0.137622 0.085424 0.397769
0.206638 0.163859 0.431883 0.197617
0.265862 0.196481 0.174873 0.362780
0.192002 0.241802 0.318192 0.248001
0.204101 0.321545 0.171243 0.303107