MEME version 5.0.2

ALPHABET= ACGT

strands: + -

Background letter frequencies (from unknown source):
A 0.301 C 0.199 G 0.199 T 0.301

MOTIF 1

log-odds matrix: alength= 4 w= 19 E= 3.4e-238
     4    -25     49    -30
     2     30      7    -32
    27    -46     -3     -1
   -22     65    -28    -18
    41    -77    -24      7
   -21     20     87   -102
   -38      5    -51     49
   -17     20    -47     26
   -69     39    -86     56
    41    -98    -98     41
    56    -86     39    -69
    26    -47     20    -17
    49    -51      5    -38
  -102     87     20    -21
     7    -24    -77     41
   -18    -28     65    -22
    -1     -3    -46     27
   -32      7     30      2
   -30     49    -25      4


letter-probability matrix: alength= 4 w= 19 nsites= 7550557 E= 3.4e-238
0.309791 0.167105 0.278898 0.244206
0.305418 0.245700 0.208386 0.240495
0.362392 0.144447 0.194442 0.298718
0.258210 0.312630 0.163904 0.265256
0.398895 0.116681 0.168478 0.315946
0.259424 0.229090 0.362547 0.148939
0.231546 0.205898 0.140093 0.422462
0.266916 0.228075 0.143718 0.361291
0.186605 0.260204 0.109302 0.443884
0.399280 0.100717 0.100718 0.399281
0.443885 0.109303 0.260205 0.186606
0.361290 0.143717 0.228074 0.266915
0.422461 0.140092 0.205897 0.231545
0.148938 0.362546 0.229089 0.259423
0.315945 0.168477 0.116680 0.398894
0.265255 0.163903 0.312629 0.258209
0.298717 0.194441 0.144446 0.362391
0.240494 0.208385 0.245699 0.305417
0.244205 0.278897 0.167104 0.309790