MEME version 5.0.2

ALPHABET= ACGT

strands: + -

Background letter frequencies (from unknown source):
A 0.289 C 0.211 G 0.211 T 0.289

MOTIF 1

log-odds matrix: alength= 4 w= 19 E= 1.0e-315
     2    -32     60    -41
     4     35      3    -41
    34    -47      3    -12
   -25     75    -48    -21
    48    -79    -19      0
   -16     11     84   -109
   -38     -4    -62     59
   -18     17    -41     27
   -84     40    -84     61
    42    -90    -90     42
    61    -84     40    -84
    27    -41     17    -18
    59    -62     -4    -38
  -109     84     11    -16
     0    -19    -79     48
   -21    -48     75    -25
   -12      3    -47     34
   -41      3     35      4
   -41     60    -32      2


letter-probability matrix: alength= 4 w= 19 nsites= 515839 E= 1.0e-315
0.294001 0.168397 0.320142 0.217461
0.297375 0.268771 0.215881 0.217973
0.366876 0.152623 0.214932 0.265568
0.243480 0.354617 0.151105 0.250797
0.403344 0.121761 0.184827 0.290068
0.258597 0.226853 0.378308 0.136242
0.222305 0.205426 0.137121 0.435147
0.255771 0.236316 0.159038 0.348875
0.162083 0.278896 0.117462 0.441553
0.387399 0.112598 0.112599 0.387400
0.441554 0.117463 0.278897 0.162084
0.348874 0.159037 0.236315 0.255770
0.435146 0.137120 0.205425 0.222304
0.136241 0.378307 0.226852 0.258596
0.290067 0.184826 0.121760 0.403343
0.250796 0.151104 0.354616 0.243479
0.265567 0.214931 0.152622 0.366875
0.217972 0.215880 0.268770 0.297374
0.217460 0.320141 0.168396 0.294000